
1-time
 1 4.0000000000 0.2732395447
 10 3.6000000000 0.1459155903
 100 3.4800000000 0.1077184039
 1000 3.1360000000 0.0017801969
 10000 3.1424000000 0.0002569863
 100000 3.1429600000 0.0004352399
 1000000 3.1412720000 0.0001020672
 10000000 3.1421852000 0.0001886134
 100000000 3.1415320000 0.0000193066
 1000000000 3.1415380400 0.0000173840

2-time
 1 4.0000000000 0.2732395447
 10 2.4000000000 0.2360562732
 100 3.1200000000 0.0068731551
 1000 3.1760000000 0.0109521985
 10000 3.1652000000 0.0075144517
 100000 3.1508000000 0.0029307894
 1000000 3.1430560000 0.0004657976
 10000000 3.1420656000 0.0001505435
 100000000 3.1417749600 0.0000580299
 1000000000 3.1415025000 0.0000286968

3-time
 1 4.0000000000 0.2732395447
 10 2.4000000000 0.2360562732
 100 3.0000000000 0.0450703414
 1000 3.1280000000 0.0043266760
 10000 3.1484000000 0.0021668457
 100000 3.1451200000 0.0011227892
 1000000 3.1452880000 0.0011762653
 10000000 3.1414484000 0.0000459173
 100000000 3.1414416400 0.0000480691
 1000000000 3.1415247520 0.0000216137

4-time
 1 4.0000000000 0.2732395447
 10 3.2000000000 0.0185916358
 100 2.9200000000 0.0705351323
 1000 3.1240000000 0.0055999156
 10000 3.1728000000 0.0099336069
 100000 3.1449200000 0.0010591273
 1000000 3.1430400000 0.0004607047
 10000000 3.1411652000 0.0001360627
 100000000 3.1416547200 0.0000197564
 1000000000 3.1414960440 0.0000307518

5-time
 1 4.0000000000 0.2732395447
 10 3.2000000000 0.0185916358
 100 2.9200000000 0.0705351323
 1000 3.0120000000 0.0412506228
 10000 3.1364000000 0.0016528730
 100000 3.1400000000 0.0005069574
 1000000 3.1431960000 0.0005103610
 10000000 3.1412276000 0.0001162002
 100000000 3.1414494800 0.0000455736
 1000000000 3.1415194120 0.0000233135

6-time
 1 4.0000000000 0.2732395447
 10 3.6000000000 0.1459155903
 100 3.1200000000 0.0068731551
 1000 3.1000000000 0.0132393528
 10000 3.1584000000 0.0053499445
 100000 3.1399600000 0.0005196898
 1000000 3.1400880000 0.0004789461
 10000000 3.1410228000 0.0001813900
 100000000 3.1414334800 0.0000506665
 1000000000 3.1415199120 0.0000231544

7-time
 1 4.0000000000 0.2732395447
 10 3.6000000000 0.1459155903
 100 3.0800000000 0.0196055506
 1000 3.1800000000 0.0122254381
 10000 3.1272000000 0.0045813239
 100000 3.1376800000 0.0012454363
 1000000 3.1408800000 0.0002268447
 10000000 3.1409308000 0.0002106745
 100000000 3.1415276000 0.0000207072
 1000000000 3.1415120480 0.0000256576

8-time
 1 4.0000000000 0.2732395447
 10 2.8000000000 0.1087323187
 100 3.1200000000 0.0068731551
 1000 3.1960000000 0.0173183962
 10000 3.1692000000 0.0087876913
 100000 3.1536800000 0.0038475219
 1000000 3.1440760000 0.0007904737
 10000000 3.1423000000 0.0002251554
 100000000 3.1416105600 0.0000056998
 1000000000 3.1415263400 0.0000211083

9-time
 1 4.0000000000 0.2732395447
 10 3.2000000000 0.0185916358
 100 3.0800000000 0.0196055506
 1000 3.1880000000 0.0147719172
 10000 3.1380000000 0.0011435772
 100000 3.1365200000 0.0016146758
 1000000 3.1378760000 0.0011830476
 10000000 3.1408576000 0.0002339748
 100000000 3.1414035600 0.0000601904
 1000000000 3.1415237360 0.0000219372

10-time
 1 4.0000000000 0.2732395447
 10 2.8000000000 0.1087323187
 100 3.1200000000 0.0068731551
 1000 3.1400000000 0.0005069574
 10000 3.1684000000 0.0085330434
 100000 3.1434000000 0.0005752962
 1000000 3.1405600000 0.0003287038
 10000000 3.1417972000 0.0000651091
 100000000 3.1415332400 0.0000189119
 1000000000 3.1415249800 0.0000215412
